Autor: Luis Sagnay
Ejecución de los algoritmos 

1. Algoritmos de fuerza bruta
PS C:\Users\Luis Sagnay\Desktop\ESPE\Estructura de Datos\BusquedaExaustiva> ./fuerzaBruta                   
Palabra: coliflor
Patron encontrado en el indice 4
Numero de iteraciones para el patron flor: 8

2. Algoritmos voraces

PS C:\Users\Luis Sagnay\Desktop\ESPE\Estructura de Datos\AlgoritmosVoraces> ./main
La ganancia maxima que se puede obtener es: 100 dolares
El numero total de iteraciones es: 40

3. Algoritmos divide y vencerás
PS C:\Users\Luis Sagnay\Desktop\ESPE\Estructura de Datos\ordemamiento\OrdenamientoListas> ./margeSort
Ingrese el numero de datos a generar: 500
Lista antes de ordenar:
664 121 147 299 844 464 970 962 854 833 82 790 248 895 584 500 582 804 702 550 442 670 742 688 221 631 396 109 352 264 788 739 554 462 843 909 362 496 202 784 407 183 440 648 334 310 263 419 676 101 203 110 492 881 38 287 307 398 991 27 259 895 387 121 517 309 837 398 562 463 227 674 804 929 289 851 704 360 722 800 447 116 699 9 861 519 130 806 625 725 63 653 998 308 339 112 962 167 430 45 173 142 53 408 908 135 932 910 175 251 991 204 16 130 688 791 877 488 340 245 599 997 959 220 907 687 369 881 881 483 8 892 196 260 544 442 241 506 985 475 67 215 800 637 14 990 673 833 907 413 915 820 308 469 796 721 288 311 207 276 385 114 498 114 596 874 565 216 137 850 608 489 668 277 573 788 35 257 238 805 288 246 32 427 185 574 8 818 719 949 972 130 476 251 141 951 312 527 371 154 125 918 506 496 306 949 893 98 717 595 280 517 92 890 25 482 246 616 106 472 974 625 176 185 968 567 184 475 551 324 379 360 13 871 694 640 508 302 272 453 125 843 702 839 663 114 929 313 395 74 610 476 334 922 100 475 870 837 259 590 24 89 4 154 33 740 501 361 75 897 918 423 371 250 24 477 777 101 469 233 192 532 889 221 118 448 647 942 6 246 238 568 644 973 750 73 0 198 566 3 775 621 200 94 759 935 311 965 786 668 767 232 244 520 854 162 312 532 881 212 551 850 842 977 363 617 889 867 156 93 537 671 112 315 180 236 640 659 866 673 705 351 406 55 816 203 193 125 706 830 99 195 875 880 566 754 333 220 550 738 787 144 446 603 630 146 317 296 560 126 145 104 591 173 130 895 60 624 674 997 293 21 988 717 624 745 451 665 977 935 92 100 70 247 566 104 72 307 832 473 109 143 76 522 236 255 612 390 944 228 146 498 105 506 700 817 103 188 151 775 457 777 267 819 837 172 480 79 920 710 271 185 536 694 204 327 400 436 987 398 92 410 696 948 838 780 779 983 272 130 796 285 131 483 292 277 503 860 852 494 692 594 177 527 441 636 81 751 346 116 783 990 479 896 29 267 763 292 466 223 371 666 130 457 936 813 542 236 838 362 659 455 341 455 23 579 311 1 337 90
Lista despues de ordenar:
0 1 3 4 6 8 8 9 13 14 16 21 23 24 24 25 27 29 32 33 35 38 45 53 55 60 63 67 70 72 73 74 75 76 79 81 82 89 90 92 92 92 93 94 98 99 100 100 101 101 103 104 104 105 106 109 109 110 112 112 114 114 114 116 116 118 121 121 125 125 125 126 130 130 130 130 130 130 131 135 137 141 142 143 144 145 146 146 147 151 154 154 156 162 167 172 173 173 175 176 177 180 183 184 185 185 185 188 192 193 195 196 198 200 202 203 203 204 204 207 212 215 216 220 220 221 221 223 227 228 232 233 236 236 236 238 238 241 244 245 246 246 246 247 248 250 251 251 255 257 259 259 260 263 264 267 267 271 272 272 276 277 277 280 285 287 288 288 289 292 292 293 296 299 302 306 307 307 308 308 309 310 311 311 311 312 312 313 315 317 324 327 333 334 334 337 339 340 341 346 351 352 360 360 361 362 362 363 369 371 371 371 379 385 387 390 395 396 398 398 398 400 406 407 408 410 413 419 423 427 430 436 440 441 442 442 446 447 448 451 453 455 455 457 457 462 463 464 466 469 469 472 473 475 475 475 476 476 477 479 480 482 483 483 488 489 492 494 496 496 498 498 500 501 503 506 506 506 508 517 517 519 520 522 527 527 532 532 536 537 542 544 550 550 551 551 554 560 562 565 566 566 566 567 568 573 574 579 582 584 590 591 594 595 596 599 603 608 610 612 616 617 621 624 624 625 625 630 631 636 637 640 640 644 647 648 653 659 659 663 664 665 666 668 668 670 671 673 673 674 674 676 687 688 688 692 694 694 696 699 700 702 702 704 705 706 710 717 717 719 721 722 725 738 739 740 742 745 750 751 754 759 763 767 775 775 777 777 779 780 783 784 786 787 788 788 790 791 796 796 800 800 804 804 805 806 813 816 817 818 819 820 830 832 833 833 837 837 837 838 838 839 842 843 843 844 850 850 851 852 854 854 860 861 866 867 870 871 874 875 877 880 881 881 881 881 889 889 890 892 893 895 895 895 896 897 907 907 908 909 910 915 918 918 920 922 929 929 932 935 935 936 942 944 948 949 949 951 959 962 962 965 968 970 972 973 974 977 977 983 985 987 988 990 990 991 991 997 997 998
Numero de iteraciones: 3842